e 7367 7367 1
e 7368 4917 1
e 7369 1488 1
e 7369 2756 1
e 7369 3461 1
e 7370 1620 1
e 7371 7371 1
e 7372 130 1
e 7372 1642 1
e 7372 3792 1
e 7372 7372 1
e 7375 2775 1
e 7378 1193 1
e 7378 6765 1
e 7378 8550 1
e 7379 1 1
e 7380 4068 1
e 7381 7381 1
e 7383 660 1
e 7384 2163 1
e 7384 4128 1
e 7385 7654 1
e 7386 7386 1
e 7387 592 1
e 7388 7388 1
e 7390 3163 1
e 7391 214 1
e 7392 214 1
e 7392 1360 1
e 7392 4717 1
e 7392 5623 1
e 7392 6113 1
e 7392 9009 1
e 7394 7394 1
e 7395 7394 1
e 7396 7396 1
e 7397 3630 1
e 7397 5209 1
e 7397 5702 1
e 7397 6050 1
e 7397 7225 1
e 7397 7397 1
e 7397 7398 1
e 7397 8210 1
e 7397 8575 1
e 7397 8671 1
e 7398 5086 1
e 7398 5702 1
e 7398 6050 1
e 7398 7398 1
e 7398 8671 1
e 7399 7399 1
e 7400 4967 1
e 7401 7401 1
e 7402 7403 1
e 7404 7405 1
e 7406 7404 1
e 7406 7405 1
e 7408 7408 1
e 7409 988 1
e 7410 7410 1
e 7411 3489 1
e 7412 210 1
e 7412 1956 1
e 7412 5524 1
e 7412 6206 1
e 7413 6861 1
e 7413 7413 1
e 7414 989 1
e 7415 3770 1
e 7416 1356 1
e 7416 1391 1
e 7417 1508 1
e 7418 7418 1
e 7419 7418 1
e 7419 7419 1
e 7420 7418 1
e 7420 7419 1
e 7420 7420 1
e 7423 7423 1
e 7425 1028 1
e 7425 3054 1
e 7425 3415 1
e 7425 3425 1
e 7425 6191 1
e 7425 7425 1
e 7426 4767 1
e 7428 7166 1
e 7428 7457 1
e 7429 7166 1
e 7430 4331 1
e 7430 4489 1
e 7430 5539 1
e 7430 7430 1
e 7430 7651 1
e 7431 7431 1
e 7432 7432 1
e 7432 7433 1
e 7433 4487 1
e 7435 2763 1
e 7436 7436 1
e 7437 7438 1
e 7439 7438 1
e 7439 7439 1
e 7440 2932 1
e 7442 7442 1
e 7443 1391 1
e 7443 1598 1
e 7443 1599 1
e 7443 4466 1
e 7444 4222 1
e 7444 7444 1
e 7445 713 1
e 7446 7446 1
e 7447 7448 1
e 7449 1013 1
e 7449 1529 1
e 7449 3075 1
e 7450 3140 1
e 7451 1193 1
e 7454 0 1
e 7454 238 1
e 7454 4311 1
e 7455 0 1
e 7455 222 1
e 7455 238 1
e 7455 1456 1
e 7460 3557 1
e 7461 3557 1
e 7462 91 1
e 7463 7463 1
e 7465 87 1
e 7465 4434 1
e 7466 7466 1
e 7467 68 1
e 7467 78 1
e 7467 84 1
e 7467 177 1
e 7467 767 1
e 7467 1450 1
e 7467 2468 1
e 7467 6812 1
e 7468 281 1
e 7468 2704 1
e 7468 7468 1
e 7469 3417 1
e 7469 4331 1
e 7469 4487 1
e 7469 7469 1
e 7469 7881 1
e 7470 304 1
e 7471 60 1
e 7471 238 1
e 7471 7471 1
e 7472 410 1
e 7472 7473 1
e 7473 352 1
e 7473 4654 1
e 7474 7474 1
e 7475 2364 1
e 7475 6459 1
e 7475 7497 1
e 7476 3267 1
e 7477 908 1
e 7478 1508 1
e 7480 5799 1
e 7481 440 1
e 7481 5690 1
e 7481 5794 1
e 7481 5920 1
e 7481 6050 1
e 7481 7481 1
e 7481 7482 1
e 7481 7511 1
e 7481 7696 1
e 7481 7975 1
e 7481 8620 1
e 7481 8621 1
e 7482 6050 1
e 7483 1508 1
e 7484 7484 1
e 7487 4040 1
e 7489 1084 1
e 7489 2731 1
e 7490 87 1
e 7491 7492 1
e 7493 3149 1
e 7493 3172 1
e 7493 8241 1
e 7494 7494 1
e 7495 2143 1
e 7497 238 1
e 7497 384 1
e 7498 2477 1
e 7499 1636 1
e 7500 7500 1
e 7502 5539 1
e 7503 7503 1
e 7504 3556 1
e 7505 7506 1
e 7505 7716 1
e 7506 991 1
e 7507 2465 1
e 7509 7509 1
e 7510 7510 1
e 7511 5372 1
e 7512 2619 1
e 7512 5013 1
e 7516 4025 1
e 7517 7517 1
e 7518 5395 1
e 7519 4753 1
e 7520 5580 1
e 7521 5868 1
e 7522 3979 1
e 7523 7413 1
e 7525 7525 1
e 7525 8475 1
e 7525 8484 1
e 7526 4842 1
e 7527 4842 1
e 7527 7527 1
e 7528 7528 1
e 7530 4150 1
e 7532 3398 1
e 7533 2313 1
e 7534 2313 1
e 7535 1171 1
e 7536 3634 1
e 7537 384 1
e 7537 5384 1
e 7538 384 1
e 7539 384 1
e 7540 384 1
e 7541 384 1
e 7542 384 1
e 7543 384 1
e 7543 3996 1
e 7543 7927 1
e 7544 384 1
e 7545 384 1
e 7546 384 1
e 7547 384 1
e 7548 384 1
e 7549 384 1
e 7550 384 1
e 7551 384 1
e 7551 599 1
e 7551 1547 1
e 7552 4091 1
e 7553 3106 1
e 7553 7553 1
e 7554 4503 1
e 7554 7554 1
e 7555 982 1
e 7555 7555 1
e 7557 7556 1
e 7558 7558 1
e 7558 7559 1
e 7560 6855 1
e 7560 7560 1
e 7561 7561 1
e 7562 7562 1
e 7564 7563 1
e 7565 4455 1
e 7565 7551 1
e 7566 7567 1
e 7568 340 1
e 7568 341 1
e 7568 345 1
e 7568 1167 1
e 7568 1403 1
e 7568 1981 1
e 7568 3716 1
e 7568 3719 1
e 7568 4415 1
e 7568 4876 1
e 7568 4888 1
e 7568 5051 1
e 7568 5939 1
e 7568 7941 1
e 7568 8125 1
e 7568 8126 1
e 7568 8127 1
e 7568 8128 1
e 7568 8129 1
e 7568 8130 1
e 7568 8131 1
e 7569 323 1
e 7569 916 1
e 7569 1391 1
e 7569 1599 1
e 7569 4057 1
e 7569 8285 1
e 7570 5097 1
e 7571 4752 1
e 7571 7570 1
e 7572 7572 1
e 7573 7573 1
e 7574 6352 1
e 7576 7576 1
e 7577 2262 1
e 7578 5285 1
e 7578 7578 1
e 7579 384 1
e 7580 384 1
e 7581 384 1
e 7582 384 1
e 7586 5753 1
e 7588 6385 1
e 7589 7590 1
e 7592 889 1
e 7592 2168 1
e 7593 1164 1
e 7593 1878 1
e 7593 5248 1
e 7593 6276 1
e 7594 4882 1
e 7595 6351 1
e 7596 6351 1
e 7597 1884 1
e 7597 7597 1
e 7597 7598 1
e 7597 7751 1
e 7598 238 1
e 7599 7599 1
e 7600 7599 1
e 7600 7600 1
e 7601 1310 1
e 7602 5200 1
e 7603 4791 1
e 7604 4791 1
e 7605 7605 1
e 7606 7606 1
e 7607 6574 1
e 7607 6575 1
e 7607 6576 1
e 7608 7608 1
e 7609 7610 1
e 7611 7610 1
e 7612 5828 1
e 7613 5828 1
e 7614 7614 1
e 7614 7853 1
e 7617 352 1
e 7618 1 1
e 7619 1624 1
e 7621 7621 1
e 7622 238 1
e 7622 7623 1
e 7625 7625 1
e 7627 7628 1
e 7629 6073 1
e 7630 1456 1
e 7630 6024 1
e 7630 7631 1
e 7633 6778 1
e 7634 8973 1
e 7635 7635 1
e 7636 7637 1
e 7638 7638 1
e 7638 7639 1
e 7640 1622 1
e 7640 7640 1
e 7641 3277 1
e 7642 7643 1
e 7644 238 1
e 7644 4057 1
e 7645 7645 1
e 7646 7646 1
e 7646 9262 1
e 7647 7647 1
e 7647 8179 1
e 7648 7648 1
e 7649 7649 1
e 7650 1294 1
e 7650 7650 1
e 7652 7651 1
e 7653 7653 1
e 7654 3799 1
e 7655 3786 1
e 7656 7656 1
e 7656 7657 1
e 7657 4331 1
e 7658 6879 1
e 7659 7659 1
e 7659 7692 1
e 7661 2771 1
e 7662 7662 1
e 7663 7663 1
e 7664 7664 1
e 7665 7327 1
e 7665 7665 1
e 7666 7547 1
e 7667 238 1
e 7667 921 1
e 7667 1452 1
e 7667 1601 1
e 7667 6024 1
e 7667 6562 1
e 7668 7668 1
e 7670 7670 1
e 7671 7671 1
e 7673 4996 1
e 7674 7675 1
e 7675 7675 1
e 7677 7677 1
e 7678 592 1
e 7678 7677 1
e 7679 1615 1
e 7683 4742 1
e 7684 14 1
e 7684 197 1
e 7684 210 1
e 7684 627 1
e 7684 2914 1
e 7684 4059 1
e 7684 7684 1
e 7684 8702 1
e 7685 5660 1
e 7686 5232 1
e 7686 6465 1
e 7687 7391 1
e 7688 3908 1
e 7688 3909 1
e 7690 2083 1
e 7691 7691 1
e 7693 7692 1
e 7694 4951 1
e 7695 2699 1
e 7696 2699 1
e 7696 4419 1
e 7697 3262 1
e 7697 3409 1
e 7697 5128 1
e 7697 7697 1
e 7698 4953 1
e 7699 7699 1
e 7700 7700 1
e 7701 7701 1
e 7702 7346 1
e 7703 7703 1
e 7704 4755 1
e 7707 7707 1
e 7709 3884 1
e 7710 7711 1
e 7712 2682 1
e 7713 7713 1
e 7714 2552 1
e 7714 7716 1
e 7715 7714 1
e 7715 7716 1
e 7717 7716 1
e 7718 7716 1
e 7719 3241 1
e 7722 7721 1
e 7723 1812 1
e 7723 3685 1
e 7723 4224 1
e 7724 1357 1
e 7724 1394 1
e 7724 1819 1
e 7724 2846 1
e 7724 3178 1
e 7724 3776 1
e 7724 3959 1
e 7724 4489 1
e 7725 7726 1
e 7727 1456 1
e 7727 6024 1
e 7729 7729 1
e 7730 7730 1
e 7731 7731 1
e 7732 4309 1
e 7733 2050 1
e 7733 4180 1
e 7736 7736 1
e 7737 6991 1
e 7738 7738 1
e 7739 93 1
e 7740 7740 1
e 7741 7741 1
e 7742 1 1
e 7742 222 1
e 7742 1456 1
e 7743 4939 1
e 7744 7744 1
e 7747 7172 1
e 7749 5340 1
e 7749 5341 1
e 7752 7025 1
e 7752 7752 1
e 7755 4311 1
e 7760 238 1
e 7764 436 1
e 7764 5539 1
e 7765 410 1
e 7765 1401 1
e 7765 1402 1
e 7766 6 1
e 7766 410 1
e 7766 1599 1
e 7766 2007 1
e 7766 2505 1
e 7766 3148 1
e 7766 3192 1
e 7766 3818 1
e 7766 4217 1
e 7766 4853 1
e 7766 5830 1
e 7770 9350 1
e 7772 5539 1
e 7775 15 1
e 7775 95 1
e 7775 410 1
e 7775 474 1
e 7775 1167 1
e 7775 1360 1
e 7775 1473 1
e 7775 2286 1
e 7775 2505 1
e 7775 2863 1
e 7775 3107 1
e 7775 3129 1
e 7775 3409 1
e 7775 3410 1
e 7775 4141 1
e 7775 4556 1
e 7775 5107 1
e 7775 5460 1
e 7775 6550 1
e 7775 7776 1
e 7775 7777 1
e 7775 8167 1
e 7775 8168 1
e 7776 410 1
e 7776 7776 1
e 7778 2085 1
e 7780 1433 1
e 7780 4663 1
e 7780 7060 1
e 7782 410 1
e 7782 3851 1
e 7786 6932 1
e 7786 8352 1
e 7789 782 1
e 7789 3184 1
e 7789 7790 1
e 7790 3851 1
e 7791 7791 1
e 7792 7792 1
e 7793 7793 1
e 7794 7794 1
e 7795 7795 1
e 7796 1507 1
e 7796 5622 1
e 7796 7796 1
e 7796 8872 1
e 7796 8946 1
e 7799 7800 1
e 7800 7853 1
e 7801 1 1
e 7801 4520 1
e 7802 1858 1
e 7803 7803 1
e 7805 7115 1
e 7807 7807 1
e 7808 5053 1
e 7810 7200 1
e 7813 3409 1
e 7818 3154 1
e 7827 1549 1
e 7827 4331 1
e 7830 4682 1
e 7830 4809 1
e 7830 8903 1
e 7830 9133 1
e 7831 1614 1
e 7831 2330 1
e 7831 4677 1
e 7831 8179 1
e 7832 410 1
e 7832 1402 1
e 7832 2603 1
e 7836 238 1
e 7839 5482 1
e 7839 6206 1
e 7839 7839 1
e 7840 7840 1
e 7841 238 1
e 7841 4311 1
e 7841 5384 1
e 7842 5384 1
e 7844 669 1
e 7844 5981 1
e 7845 3989 1
e 7847 1416 1
e 7847 5340 1
e 7850 5714 1
e 7853 5683 1
e 7853 5723 1
e 7853 6721 1
e 7853 9353 1
e 7853 9354 1
e 7853 9355 1
e 7853 9356 1
e 7854 916 1
e 7854 1599 1
e 7854 3490 1
e 7854 6035 1
e 7854 6375 1
e 7854 8306 1
e 7855 8354 1
e 7855 9144 1
e 7855 9145 1
e 7855 9146 1
e 7856 916 1
e 7856 1402 1
e 7859 798 1
e 7859 4153 1
e 7859 6556 1
e 7860 7860 1
e 7861 7861 1
e 7862 238 1
e 7862 410 1
e 7862 6024 1
e 7863 0 1
e 7863 222 1
e 7863 6024 1
e 7864 6024 1
e 7866 0 1
e 7866 238 1
e 7866 1456 1
e 7868 1250 1
e 7868 3953 1
e 7870 5539 1
e 7872 7872 1
e 7873 5539 1
e 7874 5539 1
e 7875 5539 1
e 7876 5539 1
e 7877 5539 1
e 7878 5539 1
e 7879 5539 1
e 7880 5539 1
e 7881 344 1
e 7881 7963 1
e 7881 9132 1
e 7882 4331 1
e 7882 5792 1
e 7883 410 1
e 7884 339 1
e 7884 341 1
e 7884 345 1
e 7884 1152 1
e 7884 1862 1
e 7884 1871 1
e 7884 2135 1
e 7884 2286 1
e 7884 2863 1
e 7884 2877 1
e 7884 3081 1
e 7884 3162 1
e 7884 3181 1
e 7884 3183 1
e 7884 3184 1
e 7884 3241 1
e 7884 3262 1
e 7884 3409 1
e 7884 3716 1
e 7884 3826 1
e 7884 4177 1
e 7884 4194 1
e 7884 4347 1
e 7884 4350 1
e 7884 4360 1
e 7884 4441 1
e 7884 4620 1
e 7884 4886 1
e 7884 5079 1
e 7884 5107 1
e 7884 5122 1
e 7884 5344 1
e 7884 5725 1
e 7884 6180 1
e 7884 6255 1
e 7884 6332 1
e 7884 7775 1
e 7884 7912 1
e 7884 7913 1
e 7884 7914 1
e 7884 7915 1
e 7884 7916 1
e 7884 7940 1
e 7884 7941 1
e 7884 7942 1
e 7884 7943 1
e 7884 7944 1
e 7885 5406 1
e 7885 7885 1
e 7885 7919 1
e 7886 1873 1
e 7887 6236 1
e 7889 474 1
e 7890 322 1
e 7891 238 1
e 7892 0 1
e 7892 222 1
e 7892 238 1
e 7892 304 1
e 7892 1456 1
e 7892 4311 1
e 7893 0 1
e 7893 222 1
e 7893 238 1
e 7893 1456 1
e 7893 5371 1
e 7896 410 1
e 7896 1064 1
e 7896 6942 1
e 7897 5905 1
e 7898 7898 1
e 7899 7899 1
e 7900 7900 1
e 7901 7901 1
e 7902 7902 1
e 7903 7903 1
e 7903 8145 1
e 7904 7904 1
e 7905 7905 1
e 7908 337 1
e 7909 95 1
e 7909 345 1
e 7909 1871 1
e 7909 2478 1
e 7909 2878 1
e 7909 3409 1
e 7910 4352 1
e 7913 410 1
e 7913 3184 1
e 7914 410 1
e 7914 2647 1
e 7914 3180 1
e 7915 9245 1
e 7915 9246 1
e 7915 9247 1
e 7916 2603 1
e 7916 3719 1
e 7916 5346 1
e 7916 7416 1
e 7917 7218 1
e 7917 7917 1
e 7918 1391 1
e 7918 1599 1
e 7921 4318 1
e 7923 5483 1
e 7924 1381 1
e 7925 7925 1
e 7926 7496 1
e 7927 7578 1
e 7928 6024 1
e 7929 1456 1
e 7930 195 1
e 7930 1813 1
e 7930 3144 1
e 7931 0 1
e 7932 279 1
e 7932 1476 1
e 7932 2040 1
e 7932 6831 1
e 7932 6832 1
e 7932 8170 1
e 7932 8477 1
e 7934 5544 1
e 7937 5208 1
e 7938 1193 1
e 7939 7939 1
e 7941 410 1
e 7941 1152 1
e 7941 2646 1
e 7941 3307 1
e 7941 3550 1
e 7941 7914 1
e 7941 8693 1
e 7943 1403 1
e 7943 3184 1
e 7944 4331 1
e 7945 7198 1
e 7946 7946 1
e 7947 1578 1
e 7947 2239 1
e 7947 2847 1
e 7947 7947 1
e 7947 8296 1
e 7948 3746 1
e 7948 9123 1
e 7948 9124 1
e 7949 7949 1
e 7951 1621 1
e 7951 3456 1
e 7951 3462 1
e 7952 7952 1
e 7953 7953 1
e 7954 3168 1
e 7954 4860 1
e 7954 5064 1
e 7954 9200 1
e 7955 236 1
e 7955 1393 1
e 7955 4488 1
e 7957 7957 1
e 7958 7958 1
e 7959 7959 1
e 7960 442 1
e 7962 7962 1
e 7964 2259 1
e 7964 7964 1
e 7966 1712 1
e 7966 1729 1
e 7967 8875 1
e 7967 9093 1
e 7967 9206 1
e 7969 7996 1
e 7970 7970 1
e 7971 7971 1
e 7972 238 1
e 7974 0 1
e 7974 222 1
e 7974 238 1
e 7974 304 1
e 7974 1456 1
e 7975 989 1
e 7975 6050 1
e 7975 7482 1
e 7975 7975 1
e 7976 1596 1
e 7976 1637 1
e 7976 6050 1
e 7976 6400 1
e 7976 7482 1
e 7976 7976 1
e 7976 8622 1
e 7977 4331 1
e 7977 7977 1
e 7978 776 1
e 7978 7978 1
e 7979 5303 1
e 7979 5798 1
e 7980 235 1
e 7981 1625 1
e 7981 7982 1
e 7984 410 1
e 7984 2072 1
e 7985 3611 1
e 7985 7985 1
e 7986 7597 1
e 7987 7988 1
e 7990 1735 1
e 7990 7830 1
e 7990 7990 1
e 7990 8032 1
e 7990 8834 1
e 7990 9034 1
e 7990 9035 1
e 7992 4331 1
e 7992 7992 1
e 7992 8296 1
e 7993 7993 1
e 7994 7994 1
e 7995 7995 1
e 7997 8114 1
e 7997 8844 1
e 7998 69 1
e 7998 1393 1
e 7998 1819 1
e 7998 9053 1
e 8001 1584 1
e 8002 1357 1
e 8002 1584 1
e 8002 2847 1
e 8003 6001 1
e 8003 9239 1
e 8004 8004 1
e 8005 8005 1
e 8006 1818 1
e 8006 3106 1
e 8006 8007 1
e 8007 8007 1
e 8008 8008 1
e 8009 8008 1
e 8009 8009 1
e 8010 8008 1
e 8010 8010 1
e 8011 6046 1
e 8013 238 1
e 8013 6024 1
e 8014 8014 1
e 8015 15 1
e 8015 1607 1
e 8015 3262 1
e 8015 3409 1
e 8015 3672 1
e 8015 4437 1
e 8015 8015 1
e 8016 4276 1
e 8016 7255 1
e 8016 7855 1
e 8018 15 1
e 8018 2877 1
e 8018 3815 1
e 8018 7943 1
e 8018 8018 1
e 8018 8020 1
e 8019 1508 1
e 8021 1402 1
e 8023 8023 1
e 8024 8023 1
e 8024 8024 1
e 8026 322 1
e 8026 1491 1
e 8026 1604 1
e 8026 2514 1
e 8026 2805 1
e 8026 3667 1
e 8026 5393 1
e 8026 7039 1
e 8026 8026 1
e 8026 8027 1
e 8028 8454 1
e 8030 6024 1
e 8032 8032 1
e 8033 8033 1
e 8034 8034 1
e 8040 8041 1
e 8041 8041 1
e 8042 3237 1
e 8044 3181 1
e 8045 733 1
e 8046 238 1
e 8047 69 1
e 8050 0 1
e 8050 222 1
e 8050 238 1
e 8051 222 1
e 8051 6024 1
e 8052 8052 1
e 8054 8054 1
e 8055 1761 1
e 8056 8012 1
e 8057 2310 1
e 8057 8057 1
e 8058 8058 1
e 8059 8059 1
e 8063 4447 1
e 8063 4687 1
e 8067 1540 1
e 8067 1561 1
e 8067 2208 1
e 8067 2419 1
e 8068 1894 1
e 8068 2452 1
e 8068 2454 1
e 8069 3885 1
e 8070 5562 1
e 8070 6866 1
e 8072 222 1
e 8072 238 1
e 8073 0 1
e 8073 238 1
e 8075 1 1
e 8075 1402 1
e 8075 1494 1
e 8076 8883 1
e 8077 8077 1
e 8080 8080 1
e 8081 782 1
e 8081 1402 1
e 8081 2066 1
e 8081 2374 1
e 8081 3851 1
e 8081 4220 1
e 8083 95 1
e 8083 172 1
e 8083 5001 1
e 8084 8084 1
e 8088 166 1
e 8088 2027 1
e 8088 3144 1
e 8089 6765 1
e 8090 3959 1
e 8091 826 1
e 8092 4311 1
e 8092 6024 1
e 8093 0 1
e 8094 6024 1
e 8095 6024 1
e 8096 3915 1
e 8097 3187 1
e 8098 6024 1
e 8099 0 1
e 8099 238 1
e 8100 5539 1
e 8101 8101 1
e 8102 8102 1
e 8103 8103 1
e 8105 632 1
e 8106 1614 1
e 8106 4345 1
e 8106 5632 1
e 8106 9178 1
e 8107 7837 1
e 8108 1388 1
e 8109 989 1
e 8109 2352 1
e 8109 2877 1
e 8109 3262 1
e 8109 4220 1
e 8109 4287 1
e 8109 4656 1
e 8109 5277 1
e 8109 7429 1
e 8109 8110 1
e 8110 2876 1
e 8111 2500 1
e 8111 4331 1
e 8111 4351 1
e 8113 5074 1
e 8113 6376 1
e 8114 1433 1
e 8114 3409 1
e 8114 7090 1
e 8114 8114 1
e 8117 681 1
e 8117 3085 1
e 8118 1898 1
e 8118 1997 1
e 8118 3663 1
e 8119 222 1
e 8119 238 1
e 8120 4973 1
e 8120 4980 1
e 8120 8357 1
e 8121 8121 1
e 8122 7121 1
e 8123 2897 1
e 8123 8879 1
e 8124 238 1
e 8124 7881 1
e 8125 410 1
e 8132 982 1
e 8133 1812 1
e 8133 4153 1
e 8133 4364 1
e 8140 4917 1
e 8140 8141 1
e 8143 7191 1
e 8143 8143 1
e 8144 3372 1
e 8145 42 1
e 8146 2065 1
e 8147 105 1
e 8147 801 1
e 8147 925 1
e 8147 6233 1
e 8148 6589 1
e 8148 7194 1
e 8148 7210 1
e 8148 7346 1
e 8148 7728 1
e 8150 6024 1
e 8151 4311 1
e 8152 0 1
e 8152 222 1
e 8153 222 1
e 8154 238 1
e 8156 3275 1
e 8157 1538 1
e 8157 1846 1
e 8157 1890 1
e 8157 2959 1
e 8157 3233 1
e 8157 3535 1
e 8157 3652 1
e 8157 4299 1
e 8157 5769 1
e 8157 6524 1
e 8157 6724 1
e 8157 6994 1
e 8157 7494 1
e 8157 8868 1
e 8157 8869 1
e 8162 1818 1
e 8166 3812 1
e 8166 8166 1
e 8170 238 1
e 8171 6024 1
e 8172 238 1
e 8173 238 1
e 8174 5981 1
e 8178 3511 1
e 8179 6280 1
e 8185 130 1
e 8185 1642 1
e 8185 8185 1
e 8186 8187 1
e 8188 8188 1
e 8189 8189 1
e 8191 4503 1
e 8192 410 1
e 8193 8194 1
e 8195 1599 1
e 8196 937 1
e 8196 8196 1
e 8197 341 1
e 8197 2298 1
e 8197 4277 1
e 8198 384 1
e 8199 410 1
e 8204 5384 1
e 8207 3708 1
e 8207 8639 1
e 8208 162 1
e 8210 1403 1
e 8210 3986 1
e 8211 4503 1
e 8212 1391 1
e 8212 2081 1
e 8213 1599 1
e 8214 410 1
e 8214 4180 1
e 8214 8215 1
e 8216 3109 1
e 8217 8218 1
e 8220 2712 1
e 8222 59 1
e 8223 7000 1
e 8224 2917 1
e 8226 1058 1
e 8226 7644 1
e 8227 723 1
e 8227 1484 1
e 8227 8227 1
e 8229 8229 1
e 8229 8279 1
e 8229 8288 1
e 8229 8289 1
e 8230 8231 1
e 8230 8587 1
e 8232 499 1
e 8232 8233 1
e 8234 8235 1
e 8236 3874 1
e 8236 8237 1
e 8238 1599 1
e 8239 1599 1
e 8240 4655 1
e 8242 8466 1
e 8248 4178 1
e 8251 410 1
e 8251 1599 1
e 8261 410 1
e 8262 1729 1
e 8263 8263 1
e 8264 8265 1
e 8266 410 1
e 8266 8267 1
e 8269 1986 1
e 8269 6242 1
e 8270 4179 1
e 8273 500 1
e 8275 304 1
e 8276 319 1
e 8284 3083 1
e 8284 4848 1
e 8286 6936 1
e 8287 916 1
e 8290 4331 1
e 8290 8291 1
e 8292 8293 1
e 8293 1064 1
e 8294 410 1
e 8294 5531 1
e 8295 1584 1
e 8296 5724 1
e 8296 8296 1
e 8296 9089 1
e 8296 9090 1
e 8297 410 1
e 8297 3409 1
e 8298 7200 1
e 8299 410 1
e 8299 1599 1
e 8300 1357 1
e 8300 6001 1
e 8301 642 1
e 8301 782 1
e 8301 2712 1
e 8306 127 1
e 8306 925 1
e 8306 1629 1
e 8306 2310 1
e 8306 2766 1
e 8306 2881 1
e 8306 3137 1
e 8306 3947 1
e 8306 4638 1
e 8306 5266 1
e 8306 5393 1
e 8306 6002 1
e 8306 8307 1
e 8306 9314 1
e 8306 9315 1
e 8306 9316 1
e 8306 9348 1
e 8307 592 1
e 8307 3799 1
e 8308 410 1
e 8308 2603 1
e 8308 3165 1
e 8308 3183 1
e 8308 3184 1
e 8308 3716 1
e 8308 4443 1
e 8308 4851 1
e 8309 8309 1
e 8309 8921 1
e 8310 1356 1
e 8310 1394 1
e 8311 4277 1
e 8312 8313 1
e 8314 4224 1
e 8314 8315 1
e 8316 2379 1
e 8319 4287 1
e 8319 5079 1
e 8319 7127 1
e 8320 1394 1
e 8320 1584 1
e 8321 8321 1
e 8322 410 1
e 8326 3511 1
e 8327 8327 1
e 8328 7439 1
e 8329 7141 1
e 8332 410 1
e 8333 3184 1
e 8333 3187 1
e 8333 3851 1
e 8334 1391 1
e 8334 8334 1
e 8335 410 1
e 8336 916 1
e 8336 3108 1
e 8337 4217 1
e 8340 1403 1
e 8343 7200 1
e 8344 1614 1
e 8345 3092 1
e 8346 4357 1
e 8347 410 1
e 8348 410 1
e 8348 4180 1
e 8350 410 1
e 8351 2712 1
e 8352 1862 1
e 8352 7225 1
e 8353 987 1
e 8354 1356 1
e 8354 6885 1
e 8355 8639 1
e 8357 2335 1
e 8357 7790 1
e 8358 3636 1
e 8359 8360 1
e 8361 339 1
e 8362 0 1
e 8362 222 1
e 8362 238 1
e 8362 2876 1
e 8363 8364 1
e 8366 4489 1
e 8366 8366 1
e 8367 1433 1
e 8368 8080 1
e 8370 410 1
e 8371 1652 1
e 8371 6800 1
e 8376 1403 1
e 8377 410 1
e 8378 8453 1
e 8379 4357 1
e 8383 410 1
e 8384 8384 1
e 8387 1584 1
e 8388 3533 1
e 8389 166 1
e 8391 3533 1
e 8392 9091 1
e 8400 2231 1
e 8400 3106 1
e 8400 3986 1
e 8400 9086 1
e 8403 3916 1
e 8403 3917 1
e 8406 5647 1
e 8406 6696 1
e 8406 7572 1
e 8406 8406 1
e 8410 3457 1
e 8410 6687 1
e 8411 6687 1
e 8413 8413 1
e 8414 1357 1
e 8415 4445 1
e 8415 7682 1
e 8416 0 1
e 8417 0 1
e 8417 4651 1
e 8417 6024 1
e 8418 238 1
e 8419 238 1
e 8419 239 1
e 8420 6024 1
e 8421 222 1
e 8421 1456 1
e 8421 6024 1
e 8422 238 1
e 8422 239 1
e 8423 222 1
e 8423 238 1
e 8423 6024 1
e 8424 238 1
e 8425 238 1
e 8426 238 1
e 8427 238 1
e 8430 5053 1
e 8431 1403 1
e 8432 7530 1
e 8432 8432 1
e 8435 3182 1
e 8436 8436 1
e 8439 528 1
e 8440 8440 1
e 8440 8570 1
e 8441 4461 1
e 8442 5076 1
e 8443 2603 1
e 8444 8445 1
e 8446 8446 1
e 8448 4331 1
e 8452 4967 1
e 8456 6690 1
e 8457 5798 1
e 8461 1905 1
e 8462 95 1
e 8462 2846 1
e 8463 3165 1
e 8464 5567 1
e 8464 8464 1
e 8465 344 1
e 8465 4687 1
e 8468 4241 1
e 8470 4740 1
e 8472 6690 1
e 8473 8179 1
e 8476 69 1
e 8476 235 1
e 8476 675 1
e 8476 723 1
e 8476 1200 1
e 8476 2063 1
e 8478 8365 1
e 8479 8480 1
e 8481 4851 1
e 8481 8481 1
e 8485 2973 1
e 8486 105 1
e 8486 8487 1
e 8487 105 1
e 8488 991 1
e 8489 8490 1
e 8491 5268 1
e 8492 7649 1
e 8495 1 1
e 8496 1 1
e 8497 0 1
e 8498 1 1
e 8498 222 1
e 8499 1 1
e 8500 1 1
e 8502 352 1
e 8502 1028 1
e 8504 1 1
e 8506 1 1
e 8507 1 1
e 8508 1 1
e 8509 1 1
e 8513 1403 1
e 8513 8104 1
e 8514 19 1
e 8514 215 1
e 8514 410 1
e 8514 669 1
e 8514 770 1
e 8514 1053 1
e 8514 1089 1
e 8514 1364 1
e 8514 1473 1
e 8514 2071 1
e 8514 2270 1
e 8514 2369 1
e 8514 3141 1
e 8514 3184 1
e 8514 3193 1
e 8514 4011 1
e 8514 4155 1
e 8514 4292 1
e 8514 4527 1
e 8514 4648 1
e 8514 4662 1
e 8514 4822 1
e 8514 4992 1
e 8514 5904 1
e 8514 6432 1
e 8514 6499 1
e 8514 6707 1
e 8514 7329 1
e 8514 7915 1
e 8514 8104 1
e 8514 8357 1
e 8514 8359 1
e 8514 8543 1
e 8514 8547 1
e 8514 8685 1
e 8514 8744 1
e 8514 8745 1
e 8514 8746 1
e 8514 8747 1
e 8514 8748 1
e 8514 8749 1
e 8514 8750 1
e 8514 8751 1
e 8514 8752 1
e 8515 8562 1
e 8517 1753 1
e 8517 2275 1
e 8518 3106 1
e 8521 2458 1
e 8521 3936 1
e 8521 4116 1
e 8523 3106 1
e 8525 8514 1
e 8534 489 1
e 8534 8534 1
e 8542 108 1
e 8545 8514 1
e 8546 8514 1
e 8550 543 1
e 8550 1692 1
e 8550 8781 1
e 8552 5539 1
e 8560 1 1
e 8561 1 1
e 8562 2369 1
e 8562 3464 1
e 8562 8104 1
e 8562 8229 1
e 8562 8633 1
e 8563 1357 1
e 8565 9171 1
e 8568 8568 1
e 8569 2451 1
e 8569 5494 1
e 8571 2682 1
e 8572 592 1
e 8573 1 1
e 8573 223 1
e 8573 304 1
e 8573 2011 1
e 8573 4651 1
e 8574 592 1
e 8575 592 1
e 8576 592 1
e 8577 592 1
e 8578 4489 1
e 8579 1 1
e 8586 5014 1
e 8589 5584 1
e 8589 5585 1
e 8592 1961 1
e 8592 4094 1
e 8593 1 1
e 8593 4489 1
e 8593 4652 1
e 8596 4514 1
e 8599 1 1
e 8600 1 1
e 8601 1 1
e 8602 1 1
e 8603 1 1
e 8604 1 1
e 8605 6187 1
e 8606 4331 1
e 8607 3106 1
e 8608 3106 1
e 8635 592 1
e 8636 592 1
e 8637 1 1
e 8638 1 1
e 8639 945 1
e 8639 950 1
e 8639 1700 1
e 8639 1976 1
e 8639 2645 1
e 8639 2722 1
e 8639 3751 1
e 8639 4711 1
e 8639 5798 1
e 8639 6061 1
e 8639 8553 1
e 8639 8681 1
e 8639 8682 1
e 8639 8683 1
e 8639 8684 1
e 8640 1 1
e 8641 1 1
e 8642 1 1
e 8643 1 1
e 8644 1 1
e 8645 1 1
e 8646 1 1
e 8663 6001 1
e 8664 4489 1
e 8665 7881 1
e 8666 4331 1
e 8667 471 1
e 8667 1123 1
e 8667 1729 1
e 8667 2764 1
e 8667 3229 1
e 8667 3242 1
e 8667 4652 1
e 8667 5582 1
e 8667 6913 1
e 8667 8505 1
e 8668 3476 1
e 8675 592 1
e 8676 4489 1
e 8683 5095 1
e 8694 2242 1
e 8694 8695 1
e 8696 2242 1
e 8696 8695 1
e 8700 592 1
e 8700 2242 1
e 8701 1715 1
e 8703 8500 1
e 8704 4331 1
e 8706 1168 1
e 8707 8667 1
e 8708 3799 1
e 8709 3799 1
e 8710 3799 1
e 8712 4489 1
e 8713 4489 1
e 8717 6528 1
e 8717 8717 1
e 8731 3799 1
e 8732 3799 1
e 8733 3799 1
e 8734 3799 1
e 8736 4489 1
e 8737 4489 1
e 8738 4489 1
e 8739 4489 1
e 8742 3818 1
e 8755 223 1
e 8755 4651 1
e 8756 4489 1
e 8759 8915 1
e 8760 2846 1
e 8761 4331 1
e 8762 438 1
e 8763 6589 1
e 8764 8703 1
e 8765 3986 1
e 8766 4331 1
e 8767 3799 1
e 8768 3799 1
e 8769 1494 1
e 8770 1 1
e 8771 1 1
e 8771 3693 1
e 8772 222 1
e 8773 2722 1
e 8773 4652 1
e 8779 4331 1
e 8780 4331 1
e 8782 4331 1
e 8783 4331 1
e 8784 4331 1
e 8785 4331 1
e 8786 4331 1
e 8791 441 1
e 8791 4652 1
e 8794 3064 1
e 8795 5337 1
e 8796 4331 1
e 8798 4331 1
e 8799 4331 1
e 8800 4331 1
e 8801 4331 1
e 8802 165 1
e 8808 304 1
e 8808 4651 1
e 8809 4652 1
e 8810 4652 1
e 8811 4652 1
e 8812 4652 1
e 8816 499 1
e 8816 1284 1
e 8817 1172 1
e 8817 2941 1
e 8818 6818 1
e 8819 130 1
e 8826 5539 1
e 8827 5539 1
e 8828 5997 1
e 8829 1260 1
e 8830 1260 1
e 8831 1260 1
e 8832 787 1
e 8832 4652 1
e 8832 5620 1
e 8833 4652 1
e 8834 8834 1
e 8836 2499 1
e 8836 8216 1
e 8837 1357 1
e 8840 5395 1
e 8840 5567 1
e 8840 8841 1
e 8840 8842 1
e 8842 8834 1
e 8843 3507 1
e 8847 8847 1
e 8849 82 1
e 8850 4048 1
e 8851 129 1
e 8851 1084 1
e 8851 1144 1
e 8851 2446 1
e 8851 3722 1
e 8852 2906 1
e 8852 3053 1
e 8853 2381 1
e 8854 773 1
e 8855 1629 1
e 8856 8856 1
e 8859 1568 1
e 8863 1375 1
e 8867 2379 1
e 8867 3239 1
e 8867 3636 1
e 8867 9113 1
e 8867 9114 1
e 8870 8871 1
e 8871 7853 1
e 8878 8879 1
e 8879 8834 1
e 8879 8901 1
e 8879 8921 1
e 8880 6715 1
e 8886 8887 1
e 8892 3293 1
e 8896 2932 1
e 8897 1433 1
e 8898 1584 1
e 8899 448 1
e 8902 2847 1
e 8903 5076 1
e 8905 86 1
e 8906 2779 1
e 8907 4867 1
e 8911 8912 1
e 8914 7467 1
e 8914 8072 1
e 8916 1629 1
e 8916 3281 1
e 8916 4613 1
e 8918 1819 1
e 8922 3093 1
e 8922 6707 1
e 8924 1288 1
e 8924 3064 1
e 8928 1507 1
e 8928 3116 1
e 8928 6831 1
e 8929 8930 1
e 8931 5567 1
e 8931 8866 1
e 8931 8931 1
e 8932 270 1
e 8933 8933 1
e 8934 8934 1
e 8941 8941 1
e 8943 8943 1
e 8944 1840 1
e 8945 3092 1
e 8945 5076 1
e 8947 6831 1
e 8947 8844 1
e 8948 435 1
e 8949 3620 1
e 8949 5561 1
e 8949 8990 1
e 8957 1433 1
e 8957 8958 1
e 8959 8866 1
e 8963 1357 1
e 8971 5187 1
e 8972 8296 1
e 8973 6035 1
e 8973 8974 1
e 8973 8975 1
e 8973 8976 1
e 8973 8977 1
e 8978 8847 1
e 8979 5076 1
e 8980 5187 1
e 8980 8955 1
e 8981 8872 1
e 8982 8983 1
e 8984 8940 1
e 8985 8296 1
e 8986 1584 1
e 8987 498 1
e 8987 8988 1
e 8993 1603 1
e 8996 1356 1
e 9002 986 1
e 9005 5204 1
e 9007 1584 1
e 9007 5357 1
e 9007 5445 1
e 9007 9081 1
e 9009 1433 1
e 9014 6220 1
e 9017 8844 1
e 9018 77 1
e 9018 5793 1
e 9018 9018 1
e 9022 5895 1
e 9022 7853 1
e 9025 1584 1
e 9026 3229 1
e 9027 9141 1
e 9028 1360 1
e 9031 1463 1
e 9036 1584 1
e 9037 3229 1
e 9037 5771 1
e 9037 7954 1
e 9038 6366 1
e 9038 6721 1
e 9038 8904 1
e 9039 690 1
e 9039 5204 1
e 9039 7614 1
e 9041 5724 1
e 9041 8882 1
e 9042 1288 1
e 9043 8929 1
e 9043 8951 1
e 9045 9099 1
e 9046 5567 1
e 9046 8866 1
e 9047 3092 1
e 9050 1992 1
e 9051 3676 1
e 9051 4205 1
e 9052 3676 1
e 9052 4205 1
e 9053 153 1
e 9053 1144 1
e 9053 1166 1
e 9053 9040 1
e 9058 3456 1
e 9061 1985 1
e 9071 4333 1
e 9072 3801 1
e 9074 6687 1
e 9077 8973 1
e 9082 1476 1
e 9084 9085 1
e 9086 168 1
e 9086 9087 1
e 9086 9088 1
e 9088 8339 1
e 9088 8946 1
e 9088 9088 1
e 9094 3092 1
e 9094 7947 1
e 9095 6035 1
e 9096 8383 1
e 9097 5724 1
e 9098 3093 1
e 9100 7060 1
e 9101 1722 1
e 9102 1985 1
e 9103 9104 1
e 9105 8946 1
e 9106 4735 1
e 9107 5801 1
e 9109 8955 1
e 9119 5076 1
e 9120 3092 1
e 9121 6724 1
e 9122 416 1
e 9126 6220 1
e 9127 9128 1
e 9129 6375 1
e 9133 5567 1
e 9133 8866 1
e 9134 9135 1
e 9134 9136 1
e 9137 9012 1
e 9138 6035 1
e 9139 7954 1
e 9141 4337 1
e 9142 8901 1
e 9143 1394 1
e 9144 3207 1
e 9144 3264 1
e 9144 8377 1
e 9148 1017 1
e 9148 5608 1
e 9149 1151 1
e 9149 1940 1
e 9155 3638 1
e 9156 9089 1
e 9164 1620 1
e 9172 3421 1
e 9172 9176 1
e 9177 7879 1
e 9178 3178 1
e 9178 7469 1
e 9179 1305 1
e 9179 3583 1
e 9179 9020 1
e 9179 9180 1
e 9181 8916 1
e 9187 9188 1
e 9189 5801 1
e 9195 3453 1
e 9197 7881 1
e 9199 5622 1
e 9201 8923 1
e 9202 7881 1
e 9203 7853 1
e 9204 8990 1
e 9207 7963 1
e 9208 1592 1
e 9208 9208 1
e 9208 9434 1
e 9209 73 1
e 9209 147 1
e 9209 164 1
e 9210 9210 1
e 9211 9211 1
e 9213 3229 1
e 9213 8840 1
e 9218 9219 1
e 9219 9219 1
e 9223 2897 1
e 9224 3092 1
e 9228 8986 1
e 9229 8980 1
e 9229 9230 1
e 9231 7881 1
e 9232 1357 1
e 9235 2365 1
e 9236 5076 1
e 9240 9240 1
e 9241 8921 1
e 9242 8362 1
e 9246 9247 1
e 9248 7566 1
e 9254 244 1
e 9254 665 1
e 9254 947 1
e 9254 1633 1
e 9254 1690 1
e 9254 2330 1
e 9254 2470 1
e 9254 2555 1
e 9254 4677 1
e 9254 5189 1
e 9254 5432 1
e 9254 7947 1
e 9256 1584 1
e 9257 9093 1
e 9258 3092 1
e 9263 1383 1
e 9265 3650 1
e 9266 465 1
e 9266 1290 1
e 9267 1086 1
e 9267 2305 1
e 9267 7133 1
e 9268 7551 1
e 9269 9270 1
e 9269 9271 1
e 9270 5187 1
e 9272 1394 1
e 9276 5733 1
e 9279 5801 1
e 9282 947 1
e 9282 3409 1
e 9283 7390 1
e 9284 304 1
e 9284 1456 1
e 9285 796 1
e 9286 53 1
e 9286 207 1
e 9286 1270 1
e 9286 1343 1
e 9286 3073 1
e 9287 1473 1
e 9287 1862 1
e 9287 9287 1
e 9288 468 1
e 9288 1156 1
e 9289 6269 1
e 9290 9291 1
e 9290 9292 1
e 9290 9293 1
e 9294 8613 1
e 9295 982 1
e 9295 8698 1
e 9296 103 1
e 9297 4205 1
e 9297 9110 1
e 9297 9298 1
e 9299 364 1
e 9299 1147 1
e 9299 1254 1
e 9299 3645 1
e 9300 3865 1
e 9301 6035 1
e 9307 1393 1
e 9308 687 1
e 9310 1620 1
e 9310 8892 1
e 9312 1584 1
e 9313 8296 1
e 9317 6706 1
e 9317 9319 1
e 9318 1387 1
e 9320 5923 1
e 9320 9320 1
e 9321 5470 1
e 9322 69 1
e 9322 962 1
e 9322 2339 1
e 9323 3092 1
e 9323 9324 1
e 9325 4461 1
e 9326 74 1
e 9326 2987 1
e 9328 48 1
e 9328 6641 1
e 9328 9328 1
e 9328 9329 1
e 9330 1513 1
e 9331 1380 1
e 9332 2925 1
e 9333 1469 1
e 9334 3799 1
e 9335 1290 1
e 9335 3289 1
e 9336 5585 1
e 9337 6037 1
e 9338 77 1
e 9338 5235 1
e 9339 7081 1
e 9342 5445 1
e 9347 2843 1
e 9347 6419 1
e 9347 9252 1
e 9349 6119 1
e 9351 9352 1
e 9358 7975 1
e 9360 112 1
e 9360 114 1
e 9360 118 1
e 9360 239 1
e 9361 9362 1
e 9363 324 1
e 9364 6010 1
e 9365 1030 1
e 9365 2864 1
e 9365 2866 1
e 9365 5666 1
e 9366 4548 1
e 9367 3585 1
e 9367 4893 1
e 9367 9368 1
e 9369 151 1
e 9369 827 1
e 9370 4185 1
e 9370 4186 1
e 9370 9370 1
e 9371 492 1
e 9372 645 1
e 9373 9374 1
e 9375 9376 1
e 9377 625 1
e 9377 690 1
e 9378 5696 1
e 9379 3644 1
e 9380 316 1
e 9380 962 1
e 9380 1383 1
e 9381 2668 1
e 9381 7598 1
e 9382 5639 1
e 9383 1345 1
e 9383 3045 1
e 9383 4287 1
e 9383 7037 1
e 9384 3453 1
e 9384 3456 1
e 9384 5357 1
e 9386 687 1
e 9387 1463 1
e 9387 7060 1
e 9387 7853 1
e 9389 1294 1
e 9392 6035 1
e 9394 8872 1
e 9395 7018 1
e 9397 8866 1
e 9398 4009 1
e 9399 9400 1
e 9401 5580 1
e 9402 1862 1
e 9402 5799 1
e 9403 9404 1
e 9405 267 1
e 9405 3799 1
e 9406 4722 1
e 9407 7260 1
e 9408 9409 1
e 9410 9410 1
e 9411 81 1
e 9411 2022 1
e 9412 9413 1
e 9414 56 1
e 9415 384 1
e 9415 1649 1
e 9416 7067 1
e 9417 1457 1
e 9417 7286 1
e 9418 100 1
e 9418 6347 1
e 9419 3462 1
e 9420 9421 1
e 9422 4091 1
e 9423 4867 1
e 9425 153 1
e 9426 2749 1
e 9427 1433 1
e 9428 8951 1
e 9429 456 1
e 9431 250 1
e 9433 266 1
e 9435 3660 1
e 9435 4794 1
e 9436 4340 1
e 9436 4341 1
e 9436 4818 1
e 9437 395 1
e 9437 4531 1
e 9440 4522 1
e 9440 7828 1
e 9440 9440 1
e 9441 160 1
e 9442 2085 1
e 9442 9443 1
e 9445 9445 1
e 9446 357 1
e 9450 2207 1
e 9451 9452 1
e 9454 1136 1
e 9455 9455 1
e 9456 589 1
e 9457 1988 1
e 9458 9459 1